0	0	43	30	15	83	51	29	0	0	10	
0	0	43	30	15	83	51	29	0	0	10	
43	43	0	12	40	41	49	14	0	0	40	
30	30	12	0	28	53	46	4	0	0	28	
15	15	40	28	0	77	62	29	0	0	5	
83	83	41	53	77	0	81	56	0	0	79	
51	51	49	46	62	81	0	42	0	0	58	
29	29	14	4	29	56	42	0	0	0	28	
0	0	0	0	0	0	0	0	0	0	0	
0	0	0	0	0	0	0	0	0	0	0	
10	10	40	28	5	79	58	28	0	0	0	
