0	62	102	40	41	22	49	9	0	0	72	
62	0	49	79	81	67	57	64	0	0	61	
102	49	0	101	102	97	70	106	0	0	55	
40	79	101	0	1	17	31	49	0	0	53	
41	81	102	1	0	19	32	50	0	0	54	
22	67	97	17	19	0	33	32	0	0	57	
49	57	70	31	32	33	0	58	0	0	24	
9	64	106	49	50	32	58	0	0	0	81	
0	0	0	0	0	0	0	0	0	0	0	
0	0	0	0	0	0	0	0	0	0	0	
72	61	55	53	54	57	24	81	0	0	0	
