0	37	0	51	42	34	70	19	31	25	0	37	38	
37	0	37	61	64	45	105	39	44	52	0	73	70	
0	37	0	51	42	34	70	19	31	25	0	37	38	
51	61	51	0	93	18	68	70	82	75	0	75	40	
42	64	42	93	0	76	88	26	21	17	0	34	67	
34	45	34	18	76	0	69	52	64	58	0	63	36	
70	105	70	68	88	69	0	83	93	75	0	53	35	
19	39	19	70	26	52	83	0	12	13	0	37	54	
31	44	31	82	21	64	93	12	0	18	0	44	66	
25	52	25	75	17	58	75	13	18	0	0	26	51	
0	0	0	0	0	0	0	0	0	0	0	0	0	
37	73	37	75	34	63	53	37	44	26	0	0	39	
38	70	38	40	67	36	35	54	66	51	0	39	0	
