0	0	56	72	35	64	56	25	32	43	0	0	75	
0	0	56	72	35	64	56	25	32	43	0	0	75	
56	56	0	83	37	9	69	44	23	25	0	0	21	
72	72	83	0	95	92	16	52	75	94	0	0	85	
35	35	37	95	0	41	78	43	22	12	0	0	59	
64	64	9	92	41	0	78	53	32	28	0	0	19	
56	56	69	16	78	78	0	35	59	78	0	0	74	
25	25	44	52	43	53	35	0	25	44	0	0	58	
32	32	23	75	22	32	59	25	0	19	0	0	43	
43	43	25	94	12	28	78	44	19	0	0	0	47	
0	0	0	0	0	0	0	0	0	0	0	0	0	
0	0	0	0	0	0	0	0	0	0	0	0	0	
75	75	21	85	59	19	74	58	43	47	0	0	0	
